3.15 1410727522 10
2.99 1460257071 8
4.20 1423837833 3
8.22 1437940042 18
4.83 1418286682 2
6.63 1428846140 7
5.74 1415772725 3
7.22 1425404952 4
8.25 1426709021 3
5.11 1410403123 11
4.45 1416530188 4
7.15 1412067482 1
7.88 1436045995 8
6.43 1421459421 8
4.17 1433602578 2
2.61 1423265697 4
9.20 1419839273 15
4.12 1411278378 13
8.43 1435983929 11
6.65 1419664402 10
3.29 1407035988 14
5.23 1422833333 14
6.87 1417508459 5
9.05 1416135585 1
9.04 1425807210 10
12.03 1404663135 3
4.08 1459308955 5
6.87 1425562633 5
6.23 1435481641 4
3.78 1425533977 4
8.86 1409577466 6
8.94 1418483071 8
4.88 1443359289 3
7.42 1425581419 6
10.06 1440387731 10
5.50 1415135220 6
4.31 1427895481 8
7.23 1414270614 11
7.82 1403591908 13
9.08 1418898202 10
7.63 1430228888 20
4.03 1431164727 3
1.88 1436547021 6
5.32 1432937861 3
5.65 1415576465 18
5.86 1437129882 3
5.30 1426311510 6
8.35 1404965581 8
4.70 1425927025 7
4.70 1438267659 7
6.44 1437933805 10
4.80 1405149320 3
7.00 1413933993 7
1.73 1407940603 3
6.66 1446361358 4
9.49 1437708881 9
5.95 1417974328 6
9.26 1417280504 17
7.25 1424028421 7
10.10 1420508959 8
4.16 1418691966 7
8.89 1417826952 3
2.28 1423220788 3
5.65 1434786988 7
5.07 1408661918 12
3.91 1423566678 9
7.68 1407858892 3
10.84 1415538092 7
5.92 1417224371 4
6.52 1429593818 2
6.71 1407784475 9
9.10 1417776793 6
6.50 1452172846 6