40.00
46.50
41.50
43.20
40.00
45.00
39.88
43.00
40.00
46.00
41.80
41.50
42.20
36.90
36.00
40.10
43.00
40.85
40.00
40.00
42.75
42.00
42.00
41.80
43.00
43.00
42.00
45.60
49.00
38.80
41.98
45.00
47.00
46.00
39.00
46.00
39.00
42.00
43.00
43.00
41.80
42.50
40.50
37.00
41.00
40.00
46.00
41.70
45.00
45.00
45.00
40.00
36.50
38.00
38.00
45.00
38.00
42.00
46.00
42.50
38.00
42.00
40.00
40.00
42.00
40.80
42.00
39.00
40.00
46.80
41.00
44.50
40.00
45.00
42.75
40.98
48.00
43.00
43.00
45.60
43.60
40.00
38.00
45.00
42.00
44.80
38.00
39.20
45.80
43.70
44.00