8.43 1435983929 11
12.03 1404663135 3
6.43 1421459421 8
7.22 1425404952 4
5.38 1413535242 3
8.86 1409577466 6
3.88 1447509366 5
5.59 1416301564 20
6.23 1435481641 4
4.06 1426032416 3
4.95 1446798618 9
2.28 1423220788 3
7.15 1412067482 1
5.86 1437129882 3
6.66 1446361358 4
6.71 1407784475 9
7.68 1407858892 3
8.85 1417421673 3
8.30 1403719531 9
3.15 1410727522 10
6.87 1417508459 5
7.42 1425581419 6
4.17 1433602578 2
5.50 1415135220 6
4.23 1418572403 5
10.84 1415538092 7
7.88 1436045995 8
4.16 1418691966 7
4.83 1418286682 2
5.07 1408661918 12
4.03 1431164727 3
2.61 1423265697 4
8.35 1404965581 8
1.73 1407940603 3
7.82 1403591908 13
4.80 1405149320 3
10.18 1409082879 11
7.64 1413323862 8
9.10 1417776793 6
7.63 1430228888 20
7.23 1414270614 11
8.22 1437940042 18
6.65 1419664402 10
1.88 1436547021 6
4.20 1423837833 3
2.99 1460257071 8
5.65 1415576465 18
8.53 1429279796 5
5.11 1410403123 11
9.26 1417280504 17
5.30 1426311510 6
9.05 1416135585 1
4.70 1438267659 7
7.00 1413933993 7
3.78 1425533977 4
6.50 1452172846 6
5.65 1434786988 7
4.31 1427895481 8
5.92 1427413723 1
9.49 1437708881 9
9.04 1425807210 10
7.17 1420493150 4
10.06 1440387731 10
5.32 1432937861 3
5.92 1417224371 4
5.23 1422833333 14
4.70 1425927025 7
4.11 1445798198 7
8.94 1418483071 8
5.95 1417974328 6
4.81 1430514938 1
8.25 1426709021 3
6.87 1425562633 5