7.82 1403591908 13
4.17 1433602578 2
6.65 1419664402 10
3.78 1425533977 4
7.22 1425404952 4
5.92 1427413723 1
4.95 1446798618 9
3.88 1447509366 5
4.12 1411278378 13
4.81 1430514938 1
10.84 1415538092 7
6.87 1425562633 5
2.99 1460257071 8
4.88 1443359289 3
6.87 1417508459 5
10.10 1420508959 8
6.99 1449467159 11
4.23 1418572403 5
7.64 1413323862 8
9.26 1417280504 17
5.74 1415772725 3
4.20 1423837833 3
5.11 1410403123 11
8.35 1404965581 8
12.03 1404663135 3
8.85 1417421673 3
9.10 1417776793 6
6.50 1452172846 6
4.03 1431164727 3
6.31 1430136188 2
4.83 1418286682 2
4.16 1418691966 7
1.88 1436547021 6
6.63 1428846140 7
8.22 1437940042 18
4.70 1425927025 7
5.65 1434786988 7
9.04 1425807210 10
7.88 1436045995 8
9.05 1416135585 1
8.43 1435983929 11
7.17 1420493150 4
1.73 1407940603 3
7.63 1430228888 20
9.08 1418898202 10
8.89 1417826952 3
6.43 1421459421 8
5.92 1417224371 4
4.80 1405149320 3
6.71 1407784475 9
8.94 1418483071 8
4.06 1426032416 3
6.52 1429593818 2
5.38 1413535242 3
5.07 1408661918 12
6.66 1446361358 4
7.15 1412067482 1
3.15 1410727522 10
4.08 1459308955 5
5.65 1415576465 18
4.70 1438267659 7
5.95 1417974328 6
4.45 1416530188 4
7.68 1407858892 3
6.23 1435481641 4
9.49 1437708881 9
5.32 1432937861 3
8.25 1426709021 3
8.53 1429279796 5
7.25 1424028421 7
2.61 1423265697 4
3.91 1423566678 9
2.28 1423220788 3