3.78 1425533977 4
2.98 1452564824 2
8.30 1403719531 9
6.43 1421459421 8
4.95 1446798618 9
7.25 1424028421 7
5.65 1434786988 7
7.64 1413323862 8
4.70 1425927025 7
10.10 1420508959 8
2.28 1423220788 3
4.03 1431164727 3
4.12 1411278378 13
8.85 1417421673 3
7.42 1425581419 6
9.08 1418898202 10
4.06 1426032416 3
9.04 1425807210 10
5.50 1415135220 6
8.43 1435983929 11
5.32 1432937861 3
7.63 1430228888 20
4.70 1438267659 7
12.03 1404663135 3
3.88 1447509366 5
2.61 1423265697 4
9.05 1416135585 1
5.07 1408661918 12
5.92 1417224371 4
8.86 1409577466 6
6.65 1419664402 10
6.87 1425562633 5
3.29 1407035988 14
6.31 1430136188 2
5.23 1422833333 14
7.23 1414270614 11
8.53 1429279796 5
5.92 1427413723 1
4.11 1445798198 7
9.20 1419839273 15
1.73 1407940603 3
10.06 1440387731 10
5.95 1417974328 6
6.66 1446361358 4
6.50 1452172846 6
9.49 1437708881 9
6.99 1449467159 11
9.26 1417280504 17
6.87 1417508459 5
3.91 1423566678 9
4.20 1423837833 3
8.35 1404965581 8
5.59 1416301564 20
6.52 1429593818 2
4.31 1427895481 8
4.81 1430514938 1
10.18 1409082879 11
5.86 1437129882 3
4.83 1418286682 2
7.15 1412067482 1
7.88 1436045995 8
4.08 1459308955 5
10.84 1415538092 7
4.23 1418572403 5
1.88 1436547021 6
6.23 1435481641 4
5.30 1426311510 6
7.82 1403591908 13
5.38 1413535242 3
2.99 1460257071 8
4.80 1405149320 3
5.74 1415772725 3
6.44 1437933805 10