0 11.92 1412092800 0 0
0 6.63 1427817600 89 0
0 6.80 1412092800 0 0
0 4.16 1420041600 0 0
0 4.01 1425139200 0 0
0 3.78 1430409600 58 0
0 5.07 1409500800 119 0
2 4.08 1456761600 0 0
0 2.10 1417363200 0 0
0 9.49 1438358400 119 119
0 6.06 1438358400 28 28
1 8.83 1425139200 0 0
0 0.84 1425139200 0 0
1 8.89 1417363200 0 0
1 1.73 1406822400 150 0
2 9.10 1420041600 89 119
0 9.36 1414771200 0 0
0 5.18 1409500800 181 0
0 6.03 1438358400 150 0
1 5.96 1425139200 89 89
1 12.38 1417363200 0 0
0 8.22 1438358400 0 0
0 2.90 1425139200 0 0
4 9.45 1417363200 0 0
0 4.73 1430409600 58 58
1 5.54 1441036800 0 0
0 4.45 1417363200 0 0
0 4.54 1441036800 0 0
3 4.75 1420041600 0 0
1 13.34 1406822400 0 0
2 4.26 1430409600 119 0
0 8.25 1425139200 0 0
0 5.95 1417363200 0 0
0 9.20 1417363200 0 0
1 11.21 1420041600 0 0
1 5.51 1425139200 0 0
0 12.03 1406822400 150 0
1 6.70 1417363200 28 28
1 5.68 1425139200 0 0
0 6.31 1427817600 28 28
0 3.00 1456761600 0 0
0 12.11 1409500800 181 181
0 7.80 1459440000 0 0
0 3.99 1438358400 150 0
0 5.98 1420041600 0 0
0 4.47 1422720000 0 0
0 3.78 1427817600 58 58
0 8.20 1435680000 150 0
0 3.21 1433088000 0 0
0 2.72 1427817600 28 28
1 5.92 1414771200 0 0
0 2.32 1433088000 89 89
0 9.69 1422720000 0 0
0 3.15 1433088000 89 89
0 4.70 1435680000 119 0
0 10.06 1438358400 0 0
1 3.86 1441036800 0 0
1 3.07 1422720000 0 0
0 3.91 1425139200 0 0
0 4.20 1422720000 0 0
0 3.18 1443628800 150 0
0 7.07 1412092800 119 0
0 4.80 1404144000 89 89
2 3.02 1433088000 89 89
1 9.18 1420041600 0 0
0 4.29 1435680000 119 0
0 5.57 1430409600 58 0
0 2.98 1433088000 89 0
0 7.67 1417363200 0 0
3 2.50 1433088000 0 0
1 6.61 1412092800 119 119
0 6.87 1420041600 303 0
0 14.39 1430409600 28 28
0 7.82 1404144000 119 119
0 3.31 1435680000 119 0
0 0.44 1420041600 58 0
1 8.30 1404144000 303 0
0 6.44 1435680000 89 89
0 7.22 1425139200 0 0
1 2.91 1422720000 58 0
2 8.85 1417363200 0 0
0 13.36 1417363200 0 0
1 3.88 1448899200 0 0
0 2.84 1425139200 0 0
0 9.23 1414771200 0 0
0 14.54 1446307200 0 181
0 4.98 1430409600 58 0
2 8.72 1420041600 0 0
0 5.30 1417363200 0 0
0 5.50 1414771200 0 0
0 1.75 1406822400 150 0
0 12.62 1406822400 150 0
1 5.38 1412092800 0 0
1 7.68 1406822400 28 28
1 6.65 1420041600 0 0
0 6.14 1409500800 0 0
0 4.10 1430409600 0 0
0 2.20 1451577600 0 0
1 3.99 1412092800 0 0
0 10.10 1422720000 0 0
0 6.23 1433088000 0 0
0 5.65 1414771200 0 0
0 5.03 1441036800 0 0
0 4.06 1427817600 0 0
2 5.39 1422720000 0 0
0 5.65 1435680000 58 58
0 3.90 1438358400 0 0
0 12.18 1420041600 0 0
0 4.70 1427817600 28 0
0 10.84 1417363200 0 0
0 7.06 1417363200 0 0
1 8.14 1414771200 0 0
1 5.86 1435680000 58 0
1 4.88 1441036800 181 0
0 1.36 1430409600 58 0
0 2.89 1427817600 0 0
0 11.05 1420041600 0 0
2 4.82 1414771200 0 0
1 3.26 1414771200 0 58
0 8.06 1412092800 119 0
0 9.08 1417363200 0 0
0 4.17 1433088000 89 0
0 8.80 1438358400 150 150
0 6.06 1425139200 0 0
0 4.12 1425139200 0 0
0 1.46 1414771200 0 0
0 2.71 1446307200 28 28
0 7.08 1406822400 28 0
0 5.21 1420041600 0 0
1 6.39 1420041600 0 0
0 4.61 1404144000 150 0
0 10.51 1420041600 303 0
0 7.89 1409500800 150 150
0 12.09 1420041600 0 0
1 6.50 1451577600 303 303
0 5.62 1412092800 0 0
0 2.62 1425139200 0 0
0 6.64 1417363200 0 0
0 3.64 1430409600 89 89
0 2.22 1459440000 0 0
1 4.12 1409500800 181 0
0 1.50 1459440000 0 0
1 6.11 1435680000 28 28
1 5.97 1417363200 89 0
0 6.99 1448899200 0 0
0 5.22 1433088000 58 58
0 8.86 1412092800 0 0
2 4.08 1420041600 89 89
0 5.28 1430409600 58 0
0 9.78 1406822400 150 150
1 4.95 1446307200 181 181
1 3.76 1433088000 89 0
0 3.70 1435680000 150 150
0 8.57 1422720000 0 0
0 4.23 1417363200 0 0