5.65 1434786988 7
5.92 1417224371 4
3.29 1407035988 14
8.53 1429279796 5
5.86 1437129882 3
3.15 1410727522 10
6.50 1452172846 6
10.10 1420508959 8
4.08 1459308955 5
9.10 1417776793 6
8.85 1417421673 3
5.38 1413535242 3
9.49 1437708881 9
3.78 1425533977 4
6.52 1429593818 2
6.87 1425562633 5
7.00 1413933993 7
4.20 1423837833 3
8.94 1418483071 8
4.11 1445798198 7
12.03 1404663135 3
8.35 1404965581 8
4.06 1426032416 3
6.44 1437933805 10
4.23 1418572403 5
4.83 1418286682 2
2.98 1452564824 2
6.63 1428846140 7
8.30 1403719531 9
3.91 1423566678 9
7.17 1420493150 4
7.63 1430228888 20
9.20 1419839273 15
5.32 1432937861 3
5.50 1415135220 6
4.31 1427895481 8
7.82 1403591908 13
8.43 1435983929 11
4.88 1443359289 3
7.25 1424028421 7
4.70 1425927025 7
6.65 1419664402 10
4.16 1418691966 7
4.80 1405149320 3
4.81 1430514938 1
9.04 1425807210 10
5.74 1415772725 3
2.99 1460257071 8
6.87 1417508459 5
8.22 1437940042 18
2.28 1423220788 3
7.22 1425404952 4
6.71 1407784475 9
8.89 1417826952 3
4.12 1411278378 13
5.59 1416301564 20
4.45 1416530188 4
5.30 1426311510 6
6.31 1430136188 2
9.08 1418898202 10
4.03 1431164727 3
7.68 1407858892 3
6.23 1435481641 4
5.65 1415576465 18
10.84 1415538092 7
7.15 1412067482 1
9.26 1417280504 17
4.70 1438267659 7
8.25 1426709021 3
7.64 1413323862 8
5.95 1417974328 6
5.92 1427413723 1
10.06 1440387731 10