6.63 1428846140 7
8.85 1417421673 3
5.30 1426311510 6
5.86 1437129882 3
5.32 1432937861 3
7.00 1413933993 7
4.80 1405149320 3
7.25 1424028421 7
5.92 1427413723 1
6.66 1446361358 4
9.04 1425807210 10
5.50 1415135220 6
7.88 1436045995 8
2.98 1452564824 2
6.87 1425562633 5
6.50 1452172846 6
8.94 1418483071 8
3.91 1423566678 9
4.83 1418286682 2
8.22 1437940042 18
8.25 1426709021 3
4.20 1423837833 3
4.12 1411278378 13
3.78 1425533977 4
4.70 1438267659 7
5.74 1415772725 3
8.35 1404965581 8
4.88 1443359289 3
7.22 1425404952 4
10.10 1420508959 8
7.23 1414270614 11
7.17 1420493150 4
9.08 1418898202 10
4.03 1431164727 3
1.73 1407940603 3
7.42 1425581419 6
4.17 1433602578 2
7.64 1413323862 8
8.30 1403719531 9
3.88 1447509366 5
4.31 1427895481 8
8.43 1435983929 11
4.11 1445798198 7
3.15 1410727522 10
9.20 1419839273 15
6.71 1407784475 9
9.10 1417776793 6
1.88 1436547021 6
10.18 1409082879 11
9.26 1417280504 17
5.95 1417974328 6
6.65 1419664402 10
5.59 1416301564 20
10.06 1440387731 10
5.23 1422833333 14
5.07 1408661918 12
10.84 1415538092 7
12.03 1404663135 3
5.65 1434786988 7
7.82 1403591908 13
2.28 1423220788 3
2.61 1423265697 4
6.43 1421459421 8
6.31 1430136188 2
5.65 1415576465 18
2.99 1460257071 8
8.86 1409577466 6
4.16 1418691966 7
6.99 1449467159 11
3.29 1407035988 14
7.63 1430228888 20
6.23 1435481641 4
9.05 1416135585 1