4.31 1427895481 8
9.04 1425807210 10
7.42 1425581419 6
2.98 1452564824 2
8.53 1429279796 5
8.30 1403719531 9
3.29 1407035988 14
4.80 1405149320 3
4.17 1433602578 2
6.23 1435481641 4
1.73 1407940603 3
5.65 1434786988 7
5.07 1408661918 12
7.15 1412067482 1
8.22 1437940042 18
8.85 1417421673 3
6.52 1429593818 2
5.74 1415772725 3
4.83 1418286682 2
4.16 1418691966 7
6.43 1421459421 8
9.10 1417776793 6
3.78 1425533977 4
3.91 1423566678 9
12.03 1404663135 3
7.88 1436045995 8
5.92 1427413723 1
7.23 1414270614 11
9.26 1417280504 17
9.49 1437708881 9
5.59 1416301564 20
5.50 1415135220 6
6.31 1430136188 2
6.71 1407784475 9
5.86 1437129882 3
6.87 1417508459 5
8.35 1404965581 8
7.17 1420493150 4
2.99 1460257071 8
10.18 1409082879 11
4.95 1446798618 9
4.03 1431164727 3
5.95 1417974328 6
4.20 1423837833 3
4.81 1430514938 1
6.99 1449467159 11
8.89 1417826952 3
4.45 1416530188 4
6.50 1452172846 6
10.06 1440387731 10
5.11 1410403123 11
5.23 1422833333 14
9.20 1419839273 15
4.06 1426032416 3
2.61 1423265697 4
2.28 1423220788 3
7.68 1407858892 3
8.25 1426709021 3
5.92 1417224371 4
4.70 1438267659 7
7.63 1430228888 20
6.66 1446361358 4
4.08 1459308955 5
9.08 1418898202 10
6.63 1428846140 7
1.88 1436547021 6
7.64 1413323862 8
4.11 1445798198 7
7.25 1424028421 7
6.87 1425562633 5
3.88 1447509366 5
6.65 1419664402 10
4.88 1443359289 3