4.23 1418572403 5
1.88 1436547021 6
10.10 1420508959 8
7.25 1424028421 7
9.08 1418898202 10
3.88 1447509366 5
7.00 1413933993 7
3.15 1410727522 10
5.65 1415576465 18
9.26 1417280504 17
4.70 1438267659 7
4.06 1426032416 3
5.11 1410403123 11
9.05 1416135585 1
10.06 1440387731 10
10.84 1415538092 7
9.49 1437708881 9
1.73 1407940603 3
7.64 1413323862 8
8.30 1403719531 9
8.53 1429279796 5
6.50 1452172846 6
7.68 1407858892 3
2.99 1460257071 8
8.22 1437940042 18
5.07 1408661918 12
6.71 1407784475 9
4.31 1427895481 8
8.43 1435983929 11
6.87 1417508459 5
6.43 1421459421 8
3.29 1407035988 14
6.99 1449467159 11
9.20 1419839273 15
4.20 1423837833 3
7.63 1430228888 20
5.50 1415135220 6
5.38 1413535242 3
6.65 1419664402 10
8.35 1404965581 8
5.65 1434786988 7
7.15 1412067482 1
7.17 1420493150 4
6.31 1430136188 2
5.86 1437129882 3
5.74 1415772725 3
10.18 1409082879 11
8.94 1418483071 8
6.63 1428846140 7
4.11 1445798198 7
6.66 1446361358 4
4.88 1443359289 3
4.80 1405149320 3
4.95 1446798618 9
6.44 1437933805 10
4.81 1430514938 1
4.45 1416530188 4
5.95 1417974328 6
3.78 1425533977 4
9.04 1425807210 10
5.32 1432937861 3
4.70 1425927025 7
4.83 1418286682 2
5.23 1422833333 14
8.89 1417826952 3
8.25 1426709021 3
5.59 1416301564 20
3.91 1423566678 9
7.42 1425581419 6
12.03 1404663135 3
5.92 1417224371 4
4.08 1459308955 5
4.16 1418691966 7