5.38 1413535242 3
5.11 1410403123 11
4.45 1416530188 4
7.15 1412067482 1
4.83 1418286682 2
8.35 1404965581 8
7.22 1425404952 4
4.03 1431164727 3
8.86 1409577466 6
6.44 1437933805 10
2.98 1452564824 2
7.64 1413323862 8
7.17 1420493150 4
5.92 1427413723 1
1.73 1407940603 3
4.06 1426032416 3
12.03 1404663135 3
3.15 1410727522 10
7.25 1424028421 7
8.53 1429279796 5
6.23 1435481641 4
7.42 1425581419 6
7.63 1430228888 20
4.88 1443359289 3
10.10 1420508959 8
10.84 1415538092 7
4.23 1418572403 5
6.99 1449467159 11
6.87 1417508459 5
4.80 1405149320 3
5.92 1417224371 4
5.07 1408661918 12
2.99 1460257071 8
9.08 1418898202 10
9.20 1419839273 15
7.82 1403591908 13
9.10 1417776793 6
6.66 1446361358 4
6.71 1407784475 9
7.68 1407858892 3
2.61 1423265697 4
7.00 1413933993 7
8.43 1435983929 11
6.87 1425562633 5
5.59 1416301564 20
4.12 1411278378 13
5.65 1415576465 18
5.23 1422833333 14
4.31 1427895481 8
9.05 1416135585 1
3.91 1423566678 9
3.78 1425533977 4
3.29 1407035988 14
3.88 1447509366 5
7.88 1436045995 8
4.16 1418691966 7
8.89 1417826952 3
4.11 1445798198 7
1.88 1436547021 6
6.63 1428846140 7
9.04 1425807210 10
4.70 1438267659 7
4.95 1446798618 9
5.50 1415135220 6
10.18 1409082879 11
5.30 1426311510 6
4.08 1459308955 5
4.17 1433602578 2
8.30 1403719531 9
8.94 1418483071 8
4.81 1430514938 1
5.65 1434786988 7
4.70 1425927025 7